<?xml version="1.0" encoding="UTF-8" standalone="no"?>
<!-- Created with Inkscape (http://www.inkscape.org/) -->

<svg
   width="210mm"
   height="297mm"
   viewBox="-27 0 210 297"
   version="1.1"
   id="svg1"
   inkscape:version="1.4.2 (f4327f4, 2025-05-13)"
   sodipodi:docname="AnteriorWithoutBackground.txt"
   xmlns:inkscape="http://www.inkscape.org/namespaces/inkscape"
   xmlns:sodipodi="http://sodipodi.sourceforge.net/DTD/sodipodi-0.dtd"
   xmlns="http://www.w3.org/2000/svg"
   xmlns:svg="http://www.w3.org/2000/svg">
  <sodipodi:namedview
     id="namedview1"
     pagecolor="#ffffff"
     bordercolor="#000000"
     borderopacity="0.25"
     inkscape:showpageshadow="2"
     inkscape:pageopacity="0.0"
     inkscape:pagecheckerboard="0"
     inkscape:deskcolor="#d1d1d1"
     inkscape:document-units="mm"
     inkscape:zoom="6.1128233"
     inkscape:cx="405.45913"
     inkscape:cy="518.58198"
     inkscape:window-width="1829"
     inkscape:window-height="1393"
     inkscape:window-x="38"
     inkscape:window-y="38"
     inkscape:window-maximized="0"
     inkscape:current-layer="layer1" />
  <defs
     id="defs1" />
  <g
     inkscape:label="Layer 1"
     inkscape:groupmode="layer"
     id="layer1">
    <path
       id="biceps_brachii"
       style="fill:#000000;fill-opacity:0.121951;stroke-width:2.66499;stroke-dasharray:none"
       d="m 50.012447,55.369744 -1.287259,0.34675 -3.258706,2.033984 -1.357551,1.688269 -1.143338,1.871978 -0.499454,0.941287 -0.897713,3.267937 -0.498002,2.002039 -0.410281,1.601327 -0.256926,3.959836 0.08268,4.19535 0.519348,2.986381 0.651463,1.593117 0.924562,0.685744 0.977826,0.101854 1.4087,0.409279 1.961121,-1.219565 1.574062,-1.750796 1.591635,-2.156976 1.873229,-3.97311 0.530241,-2.569641 0.665594,-3.116606 0.488341,-2.553333 0.39946,-3.679362 -0.08888,-2.553332 v -0.866098 l -2.618962,-3.116088 z m 55.846723,0 -1.29863,0.130225 -2.55385,3.116088 v 0.866098 l -0.0863,2.553332 0.38912,3.679362 0.31956,2.602026 0.59495,3.186941 0.77692,2.387457 1.85823,3.942734 1.47123,2.250508 1.99109,1.948202 1.86138,1.038695 1.21182,-0.519347 1.03869,-0.04341 0.73588,-0.433049 0.77928,-1.904278 0.51934,-2.986381 0.12971,-3.982185 -0.30282,-3.938778 -0.38964,-1.558044 -0.43305,-2.0345 -0.90847,-2.467034 -0.69299,-1.904793 -1.25522,-1.860868 -1.38492,-1.688269 -3.11609,-2.033984 z"
       data-muscle="Biceps Brachii"
       sodipodi:nodetypes="cccccccccccccccccccccccccccccccccccccccccccccccccccccccc" />
    <path
       id="lateral_deltoid"
       style="fill:#000000;fill-opacity:0.121951;stroke-width:2.66499;stroke-dasharray:none"
       d="m 51.711569,38.099999 -3.073199,0.77928 -2.640147,1.384929 -2.337327,1.991093 -1.471744,1.947685 -1.168403,1.860868 -0.995804,2.467549 -0.562759,2.769857 v 4.068484 l 0.562759,2.597259 0.649054,1.601451 0.952397,1.774568 0.839743,0.90899 0.998905,-1.882572 -0.280604,-2.316138 -0.216006,-2.293917 -0.130225,-1.860867 0.173117,-2.510441 0.389638,-1.817978 0.562756,-1.861384 0.779283,-1.73116 1.125511,-1.904278 1.169955,-1.60197 1.383377,-1.34152 1.731679,-1.384927 1.774569,-0.77928 z m 52.005611,0 -0.22841,0.865581 1.87069,0.77928 1.82521,1.384927 1.45831,1.34152 1.23351,1.60197 1.18598,1.904278 0.82165,1.73116 0.59273,1.861384 0.41083,1.817978 0.18242,2.510441 -0.13695,1.860867 -0.22789,2.293917 -0.29559,2.316138 1.05265,1.882572 0.88522,-0.90899 1.00407,-1.774568 0.6842,-1.601451 0.59324,-2.597259 V 51.30126 l -0.59324,-2.769857 -1.04955,-2.467549 -1.23197,-1.860868 -1.55081,-1.947685 -2.46393,-1.991093 -2.78329,-1.384929 z"
       data-muscle="Lateral Deltoid" />
    <path
       id="pectoralis_major_sternocostal"
       style="fill:#000000;fill-opacity:0.121951;stroke-width:2.66499;stroke-dasharray:none"
       d="m 81.510267,43.488299 -0.90899,0.389641 -0.995804,1.125514 -0.562755,1.082103 -0.36897,1.6645 0.121955,14.393436 0.506947,1.861383 1.125513,1.255221 2.856672,1.211812 2.553848,0.519348 2.510444,0.259932 2.726446,-0.303339 2.337327,-0.605647 2.770372,-1.342038 1.947686,-1.731161 2.293912,-2.467033 2.83497,-3.852476 2.44585,-3.202906 z m -7.176307,0.108522 -24.195421,10.258287 2.445846,3.202905 2.834968,3.852479 2.293916,2.467033 1.947685,1.731161 2.770373,1.342036 2.337326,0.605647 2.726449,0.303342 2.510441,-0.259932 2.553848,-0.519348 2.856675,-1.211813 1.125511,-1.25522 0.506947,-1.861386 0.121957,-14.393437 -0.368972,-1.664496 -0.562756,-1.082106 -0.995804,-1.125511 z"
       data-muscle="Sternocostal (Lower Chest)" />
    <path
       id="pectoralis_major_clavicular"
       style="fill:#000000;fill-opacity:0.121951;stroke-width:2.66499;stroke-dasharray:none"
       d="m 93.629424,40.718442 -3.462837,0.346234 -3.332615,0.649055 -4.414716,1.384929 -0.908989,0.389639 24.195423,10.25829 0.17311,-0.173117 -2.81378,-3.765661 -1.55804,-2.467033 -1.558047,-2.293916 c 0,0 -2.640647,-2.510817 -2.81378,-2.640666 -0.173133,-0.12985 -2.467033,-1.514637 -2.467033,-1.514637 z m -31.414622,0.108522 -1.038696,0.173117 c 0,0 -2.2939,1.384786 -2.467033,1.514636 -0.173132,0.12985 -2.81378,2.640666 -2.81378,2.640666 l -1.558044,2.293916 -1.558046,2.467034 -2.813781,3.765661 0.173117,0.173114 L 74.33396,43.596821 73.424973,43.207179 69.010255,41.822252 65.67764,41.173195 Z"
       data-muscle="Clavicular (Upper Chest)" />
    <path
       id="rectus_femoris"
       style="fill:#000000;fill-opacity:0.121951;stroke-width:2.66499;stroke-dasharray:none"
       d="m 58.109112,114.53822 -0.735872,1.60146 -0.216009,2.25102 -0.389641,1.47123 -0.562756,3.76566 -0.259932,4.50154 0.04341,4.93458 0.389641,4.71754 0.562756,5.84357 0.908989,5.49682 1.601451,6.75205 1.34152,4.71805 0.606166,2.0774 0.47594,2.0345 0.389639,2.38073 0.389641,2.81326 0.822172,0.98449 1.039087,0.27102 0.692198,-0.32497 0.346625,-0.80083 v -4.02508 l 0.346231,-2.98638 0.519348,-3.46283 0.519348,-3.24632 0.259416,-5.06429 v -4.1553 l -0.389123,-3.93878 -0.216524,-2.25051 -0.216524,-1.34203 -1.68827,-4.50102 -0.995288,-2.72696 -1.082103,-2.85668 -0.735873,-2.1208 -0.865582,-2.72696 -1.125511,-3.33313 -0.47594,-1.64435 -0.47594,-1.73167 z m 39.612567,0 -0.822172,3.37603 -0.476456,1.73167 -0.47594,1.64435 -1.125511,3.33313 -0.865582,2.72696 -0.735873,2.1208 -1.082103,2.85668 -0.995288,2.72696 -1.68827,4.50102 -0.216524,1.34203 -0.216009,2.25051 -0.389638,3.93878 v 4.1553 l 0.259416,5.06429 0.519348,3.24632 0.519864,3.46283 0.346233,2.98638 v 4.02508 l 0.51924,0.75755 0.606147,0.37907 0.800513,-0.0222 1.008295,-1.04507 0.35501,-3.01238 0.389639,-2.38073 0.47594,-2.0345 0.606166,-2.07739 1.341519,-4.71806 1.60197,-6.75204 0.908471,-5.49682 0.562756,-5.84358 0.389641,-4.71754 0.04341,-4.93458 -0.259932,-4.50153 -0.56224,-3.76566 -0.389641,-1.47123 -0.216525,-2.25103 z"
       data-muscle="Rectus Femoris"
       sodipodi:nodetypes="cccccccccccccccccccccccccccccccccccccccccccccccccccccccccccccccccccccccccccc" />
    <path
       id="vastus_medialis"
       style="fill:#000000;fill-opacity:0.121951;stroke-width:2.66499;stroke-dasharray:none"
       d="m 66.592831,140.89785 0.108003,1.12552 0.108521,1.12499 0.194821,1.96939 0.194302,1.96939 v 2.07791 2.07739 l -0.129707,2.53215 -0.129709,2.53214 -0.259932,1.62316 -0.259416,1.62316 -0.259932,1.73116 -0.432533,3.2246 -0.173114,1.49345 v 2.0128 2.01228 l 0.346231,2.07791 0.432533,1.73116 0.865579,1.64486 1.168921,1.29863 h 0.735873 l 0.844044,-0.12978 1.687915,-2.2186 1.017177,-3.53808 0.519348,-3.28972 v -3.85248 l -0.216524,-3.46232 -0.649055,-3.50625 -0.562755,-2.51044 -0.865582,-2.76986 -0.735872,-2.38073 -0.995289,-2.33732 -1.125511,-2.76986 z m 22.645129,0 -1.428337,3.11661 -1.124995,2.76986 -0.995805,2.33732 -0.735872,2.38073 -0.865582,2.76986 -0.562755,2.51044 -0.649055,3.50625 -0.216524,3.46232 v 3.85248 l 0.519348,3.28972 1.082103,3.2892 1.287542,2.03465 0.963075,0.73574 1.017215,-0.0757 1.277128,-1.36356 0.692446,-1.67732 0.433049,-1.73116 0.346233,-2.07791 v -2.01228 -2.0128 l -0.173116,-1.49345 -0.433049,-3.2246 -0.259932,-1.73116 -0.259416,-1.62316 -0.259932,-1.62316 -0.129709,-2.53214 -0.129707,-2.53215 v -2.07739 -2.07791 l 0.19482,-1.96939 0.194818,-1.96939 0.108006,-1.12499 z"
       data-muscle="Vastus Medialis"
       sodipodi:nodetypes="cccccccccccccccccccccccccccccccccccccccccccccccccccccccccccccccccccc" />
    <path
       id="vastus_lateralis"
       style="fill:#000000;fill-opacity:0.121951;stroke-width:2.66499;stroke-dasharray:none"
       d="m 56.76759,119.86193 -1.861384,4.84777 -0.606165,1.47174 -0.865579,2.7218 -1.082106,3.29489 -0.649055,4.15478 -0.216524,2.68356 v 2.68356 l 0.08682,3.28972 0.0863,2.33732 0.173115,2.38074 0.259932,2.16421 0.216524,1.99057 0.346234,1.9911 1.038696,3.63595 0.519348,1.90427 0.77928,2.68356 0.95188,2.68356 1.038696,2.55385 0.692981,1.55856 0.951881,1.47123 0.822687,1.0821 0.616596,0.64934 0.962843,0.21627 0.768601,-0.52993 0.292251,-0.67109 0.172974,-1.00611 0.216524,-1.21181 0.173117,-0.99581 -0.194821,-1.40663 -0.19482,-1.40663 -0.389639,-2.38073 -0.47594,-2.0345 -0.606166,-2.0774 -0.670758,-2.35903 -0.670762,-2.35902 -0.800983,-3.37603 -0.800468,-3.37602 -0.454753,-2.74867 -0.454236,-2.74815 -0.281636,-2.92178 -0.28112,-2.92179 -0.19482,-2.35851 -0.194821,-2.35903 -0.0217,-2.46755 -0.0217,-2.46703 0.130226,-2.25051 0.129706,-2.25103 z m 42.296127,0 0.56224,3.76566 0.130225,2.25103 0.129707,2.25051 -0.0217,2.46754 -0.0217,2.46704 -0.194821,2.35903 -0.19482,2.35851 -0.28112,2.92179 -0.281636,2.92178 -0.454237,2.74815 -0.454234,2.74867 -0.800986,3.37602 -0.800984,3.37603 -0.670761,2.35902 -0.670758,2.35903 -0.606166,2.0774 -0.47594,2.0345 -0.389639,2.38073 -0.194821,1.40663 -0.19482,1.40663 0.173117,0.99581 0.216524,1.21181 0.30334,0.99529 0.389122,0.60616 0.454798,0.44337 0.724784,0.16246 1.168458,-0.81166 0.84433,-1.10374 0.703517,-1.50369 0.692464,-1.55856 1.038696,-2.55385 0.952394,-2.68356 0.77877,-2.68356 0.51934,-1.90427 1.03922,-3.63595 0.34623,-1.9911 0.21601,-1.99057 0.25993,-2.16421 0.17311,-2.38074 0.0868,-2.33732 0.0863,-3.28972 v -2.68356 l -0.21652,-2.68356 -0.64906,-4.15478 -1.0821,-3.29489 -0.86558,-2.7218 -0.60617,-1.47174 z"
       data-muscle="Vastus Lateralis"
       sodipodi:nodetypes="cccccccccccccccccccccccccccccccccccccccccccccccccccccccccccccccccccccccccccccccccccccccccccccccccc" />
    <path
       id="hip_flexors"
       style="fill:#000000;fill-opacity:0.121951;stroke-width:2.66499;stroke-dasharray:none"
       d="M 59.23453 104.42567 L 58.911035 105.10883 L 58.248543 107.45236 L 57.848568 110.01964 L 57.881641 113.88917 L 58.704329 117.26519 L 58.942558 118.13077 L 59.656726 120.64122 L 60.781722 123.97383 L 62.015238 127.76119 L 62.924227 130.24993 L 64.461084 134.40523 L 66.148836 138.90677 L 67.793697 143.36489 L 68.356453 144.74982 L 69.914498 148.47259 L 70.65037 150.85281 L 71.083419 152.23825 L 71.797587 154.8784 L 72.078707 156.13362 L 72.403235 157.88649 L 72.836283 161.37103 L 73.388188 160.20211 L 73.377336 155.89539 L 71.959851 149.04568 L 70.001314 140.51907 L 68.150781 134.69772 L 67.877413 133.90604 L 69.161572 131.32893 L 69.957389 129.60914 L 72.978394 123.71545 L 73.883765 121.92899 L 72.514339 120.19783 L 70.751139 117.63313 L 69.193095 115.66322 L 66.06512 111.47588 L 63.71746 108.60836 L 60.649947 105.78372 L 59.23453 104.42567 z M 96.509774 104.47993 L 94.91814 105.88759 L 91.889384 108.97629 L 89.616654 111.62729 L 86.435453 115.75004 L 84.985413 117.75199 L 83.18914 120.3818 L 81.879659 122.15637 L 84.064539 126.4512 L 85.212789 128.75752 L 86.331584 131.20698 L 87.826066 134.26622 L 87.452445 135.34678 L 85.602429 141.16813 L 83.643892 149.69526 L 82.226408 156.54497 L 82.215556 160.85168 L 82.766943 162.02008 L 83.199992 158.53606 L 83.52452 156.78268 L 83.806156 155.52746 L 84.520325 152.88731 L 84.952856 151.50238 L 85.688729 149.12165 L 87.246773 145.39939 L 87.80953 144.01447 L 89.45439 139.55582 L 91.14266 135.05481 L 92.679 130.8995 L 93.587988 128.41077 L 94.821505 124.6234 L 95.947017 121.29027 L 96.661186 118.77983 L 96.899414 117.91425 L 97.721586 114.53823 L 98.101408 110.72347 L 97.733988 108.27504 L 97.060645 105.88759 L 96.509774 104.47993 z M 95.068518 108.20528 L 95.101591 108.71843 L 94.954313 110.45476 L 95.068518 108.20528 z M 94.558472 113.12643 L 94.44375 113.78375 L 93.693925 116.79856 L 94.558472 113.12643 z M 61.159477 113.1347 L 62.038493 116.59908 L 62.852913 119.39478 L 64.872945 125.27556 L 63.531425 121.45925 L 62.852913 119.39478 L 62.766614 119.1333 L 62.038493 116.59908 L 61.909302 116.1495 L 61.159477 113.1347 z M 92.83713 119.78287 L 92.071802 122.10883 L 91.151961 124.72572 L 92.83713 119.78287 z "
       data-muscle="Hip Flexors" />
    <path
       id="hip_adductors"
       style="fill:#000000;fill-opacity:0.121951;stroke-width:2.66499;stroke-dasharray:none"
       d="m 73.721595,122.15636 -0.333314,0.80667 -1.387512,2.54817 -1.247468,2.37815 -1.591636,3.43958 -1.349787,2.70836 0.673862,2.00143 0.616497,1.91461 0.919843,2.85616 0.731737,3.14503 0.484724,2.08411 0.730189,3.13676 0.499711,2.38435 0.908989,4.33565 0.559139,-3.92793 0.736907,-3.27008 0.639752,-3.10007 0.64544,-3.26957 0.387056,-4.11913 0.257866,-3.05769 v -11.42359 l -0.946195,-0.12713 -0.983919,-0.67954 z m 8.158157,0 -0.957564,0.77877 -0.990119,0.69246 -0.95188,0.13023 v 11.64321 l 0.259416,3.11609 0.389638,4.19871 0.649058,3.33261 0.643887,3.16002 0.741558,3.33261 0.562756,4.00389 0.914156,-4.41937 0.503328,-2.43034 0.734322,-3.1967 0.487825,-2.12494 0.736391,-3.20549 0.925007,-2.91041 0.620117,-1.95182 0.678511,-2.03967 -1.358056,-2.76107 -1.601451,-3.50573 -1.255221,-2.42363 -1.39578,-2.59726 z"
       data-muscle="Hip Adductors" />
    <path
       id="wrist_flexors"
       style="fill:#000000;fill-opacity:0.121951;stroke-width:2.66499;stroke-dasharray:none"
       d="m 38.120667,77.617482 -0.465606,0.984954 c 0,0 -1.633585,3.321883 -1.666047,3.365167 -0.03246,0.04328 -1.850533,3.809071 -1.850533,3.809071 l -0.995288,2.694408 -0.735872,3.181202 -0.433049,5.810498 c 0,0 -0.205798,6.362678 -0.249082,6.460068 -0.04328,0.0974 -0.05374,3.04064 -0.05374,3.04064 l -1.24437,5.11855 0.497645,0.4222 1.504301,0.31368 0.346232,-0.37879 0.898138,-1.76372 1.35237,-2.97604 2.257227,-4.61161 -0.321427,1.19373 -0.611833,2.76965 -0.796049,2.5786 -0.336714,1.47665 0.275437,0.0305 0.397907,-0.30592 0.811204,-0.45922 0.956247,-1.79788 1.086556,-2.06622 1.178705,-1.8666 1.316033,-1.89026 0.971735,-1.02494 1.41555,-1.5535 1.353989,-1.637305 1.34669,-1.691219 0.849426,-1.170604 0.53585,-1.178258 0.481658,-1.905259 0.30644,-1.622124 v -2.509409 l -0.244946,-2.785358 -0.008,-2.413096 -0.559445,0.700538 -2.366039,2.075791 -1.434209,1.432406 -0.925046,1.174205 -1.010275,1.65313 -0.326078,-2.246892 -0.241845,-1.904793 -0.114411,-0.419031 -0.470566,-1.723475 -0.357085,-0.768429 -1.03606,-2.252031 -0.593297,-1.718783 z m 79.694873,0.382405 -0.69246,1.644862 -0.77876,1.644343 -0.9524,2.164209 -0.47594,0.90899 -0.34675,1.688266 -0.12971,0.519351 -0.1297,1.860867 -0.30851,1.771468 -0.38292,-0.780831 -1.25471,-1.744596 -2.14251,-2.172994 -1.46244,-1.224214 -0.98598,-0.826307 -0.092,2.601908 -0.24443,2.784842 v 2.509925 l 0.30593,1.622124 0.64285,2.020032 0.61185,1.101741 0.91829,1.101741 1.34669,1.560629 1.43815,1.653127 1.34669,1.56063 0.94878,1.04076 1.22422,1.80558 1.25522,1.98954 1.07125,2.08101 0.90499,1.71608 0.59466,0.60988 0.46283,0.3389 0.14559,-0.34481 -0.0575,-1.09584 -0.73484,-2.69337 -0.88728,-2.75435 -0.32143,-1.19373 2.25722,4.61212 1.35238,2.97553 0.89813,1.76372 0.34675,0.37878 1.50379,-0.31367 0.49764,-0.4222 -1.24437,-5.11803 c 0,0 -0.0104,-2.94326 -0.0537,-3.04064 -0.0433,-0.0974 -0.24908,-6.460073 -0.24908,-6.460073 l -0.43305,-5.811014 -0.73536,-3.181202 -0.9958,-2.694408 c 0,0 -1.81807,-3.765788 -1.85053,-3.809071 -0.0325,-0.04328 -1.66605,-3.36517 -1.66605,-3.36517 z"
       data-muscle="Wrist Flexors"
       sodipodi:nodetypes="ccsccccsccccccccccccccccccccccccccccccccccccccccccccccccccccccccccccccccccccccccccccccccccccccsccccscc" />
    <path
       id="rectus_abdominis"
       style="fill:#000000;fill-opacity:0.121951;stroke-width:3.165;stroke-dasharray:none"
       d="m 75.336482,66.6812 -2.907316,0.811318 -3.076297,0.458888 -2.096513,0.06149 -1.009756,0.382405 -0.688848,1.101741 -0.04548,5.677691 0.397394,2.081009 1.040762,0.55087 4.239019,-1.147733 2.127002,-0.657842 2.310968,-0.198953 0.94878,-0.39791 0.497645,-0.703831 v -6.28954 L 76.729164,67.251189 75.79537,66.712204 Z m 5.074626,0 -0.458885,0.031 -0.933794,0.538985 -0.344681,1.159619 v 6.28954 l 0.497644,0.703831 0.948778,0.39791 2.310971,0.198953 2.127001,0.657842 4.239019,1.147733 1.040763,-0.55087 0.397391,-2.081009 -0.04547,-5.677691 -0.688848,-1.101741 -1.009756,-0.382405 -2.096513,-0.06149 -3.0763,-0.458888 z m -4.79919,9.717752 -7.972639,1.97404 -1.071253,0.336412 -0.504878,0.826307 -0.0155,2.632398 0.367419,3.41271 0.535368,1.407668 0.994773,0.642852 7.743195,-0.443899 0.887801,-0.459404 0.581361,-0.887283 0.03049,-7.850685 -0.520382,-1.116726 z m 4.523756,0 -1.055751,0.47439 -0.52038,1.116726 0.03049,7.850685 0.581361,0.887283 0.887799,0.459404 7.743198,0.443899 0.994772,-0.642852 0.535366,-1.407668 0.367419,-3.41271 -0.0155,-2.632398 -0.504878,-0.826307 -1.071253,-0.336412 z m -4.309298,11.476817 -3.259751,0.367419 -3.244244,0.07648 H 67.79224 l -0.918289,1.040762 -0.01551,3.412712 0.428914,3.060277 0.565856,1.561145 1.316199,0.749826 3.703132,0.244946 2.754871,0.106971 1.270209,-0.612367 0.29042,-0.933276 V 89.253463 L 76.62219,88.197199 Z m 4.09484,0 -0.795816,0.32143 -0.565857,1.056264 v 7.697205 l 0.29042,0.933276 1.270207,0.612367 2.75487,-0.106971 3.703135,-0.244946 1.316199,-0.749826 0.565856,-1.561145 0.428914,-3.060277 -0.01551,-3.412712 -0.918292,-1.040762 h -1.530138 l -3.244247,-0.07648 z m -10.843783,10.880474 -0.611849,0.122473 -0.627351,0.795816 -0.01551,2.433448 0.428398,2.67787 0.765328,3.8256 0.918289,3.41272 1.438156,3.3817 2.066023,3.33623 1.386478,1.48415 1.352891,0.84181 0.918289,0.0155 0.366903,-0.85731 -0.09147,-18.56217 -0.459401,-1.775087 -1.009759,-0.703834 -4.728911,-0.04599 z m 17.592725,0 -2.096514,0.382921 -4.728908,0.04599 -1.009759,0.703834 -0.459404,1.775082 -0.09147,18.56218 0.366903,0.85731 0.918289,-0.0155 1.352889,-0.84181 1.38648,-1.48415 2.066023,-3.33623 1.438156,-3.38171 0.918289,-3.41271 0.765329,-3.8256 0.428397,-2.67788 -0.01551,-2.433442 -0.627353,-0.795817 z"
       data-muscle="Rectus Abdominis" />
    <path
       id="anterior_deltoid"
       style="fill:#000000;fill-opacity:0.121951;stroke-width:3.165;stroke-dasharray:none"
       d="m 52.608155,38.706164 -0.968934,0.49661 -1.821076,0.584978 -0.393258,0.649571 -1.273308,1.024228 -1.097608,1.009756 -1.233516,1.60197 -1.5968,2.769857 -0.822691,2.726965 -0.441163,2.565172 -0.195996,3.624114 0.22841,2.293917 0.46147,2.316138 0.62787,-0.930693 1.384927,-1.688269 1.558044,-1.016992 2.359091,-2.380903 1.213765,-1.516338 1.550871,-2.075519 1.409973,-2.07791 1.558044,-2.380475 0.779023,-1.146958 1.605529,-1.520335 1.578157,-2.602834 -0.01074,-0.897998 -1.146924,-0.519536 -1.11444,-0.443682 -1.439408,-0.345964 -1.460674,-0.07598 z m 50.480635,0 -1.29862,0.04289 -1.38493,0.259932 -1.515156,0.43253 -1.038696,0.367938 -0.865581,0.584459 -0.151411,0.670761 1.63535,2.581005 1.479187,1.401181 0.779287,1.147217 1.55804,2.380215 1.41955,2.090828 1.5751,2.108398 1.01079,1.341004 2.38073,2.618962 1.55805,1.016992 1.38492,1.688269 0.62787,0.930693 0.46199,-2.316138 0.22789,-2.293917 0.009,-3.614766 -0.46561,-2.57452 -1.00356,-2.726965 -1.5968,-2.769857 -1.23351,-1.60197 -1.09761,-1.009756 -1.27331,-1.024228 -0.39326,-0.649571 -1.82107,-0.584978 z"
       data-muscle="Anterior Deltoid"
       sodipodi:nodetypes="cccccccccccccccccccccccccccccccccccccccccccccccccccccccccccc" />
    <path
       id="brachialis"
       style="fill:#000000;fill-opacity:0.121951;stroke-width:3.165;stroke-dasharray:none"
       d="m 115.29477,69.263986 0.12092,1.571482 0.10594,1.375108 0.0574,1.558044 -0.0796,2.455664 -0.0315,0.960665 -0.18965,1.090891 -0.14108,0.80977 -0.18861,1.08572 -0.38965,0.952397 -0.35139,0.858346 -0.77412,0.526584 -0.51934,0.0217 -0.51935,0.0217 -0.60617,0.259416 -0.38757,0.166396 -0.41496,-0.01654 -0.73381,-0.409276 -1.22783,-0.810287 -1.05885,-1.036113 -1.26762,-1.588532 -0.83871,-1.283126 -0.93638,-2.075326 -1.26659,-2.565736 0.19017,1.481564 0.58446,2.120802 1.1684,2.921786 1.51516,2.704742 1.15135,1.444874 1.22421,1.02526 1.37667,1.26659 1.49706,1.518253 0.62735,0.872297 1.01028,1.65313 0.15399,-0.885735 0.21911,-1.81591 0.19482,-1.450041 0.58446,-2.142503 0.71417,-1.536856 1.0449,-2.282031 0.74,-1.703255 -0.10748,-2.30477 -0.30283,-2.337326 -0.76998,-1.904275 z m -74.635757,0.09354 -1.178224,2.575552 -0.769461,1.904278 -0.302823,2.337324 0.05839,2.265238 0.939528,2.541214 0.678979,1.483604 0.714168,1.536856 0.584978,2.142506 0.194302,1.450041 0.219109,1.815909 0.154512,0.885735 1.010274,-1.65313 0.925047,-1.174205 1.199372,-1.216347 1.417855,-1.253956 1.183021,-1.037894 1.118888,-1.401072 1.547614,-2.748545 1.168405,-2.921785 0.58446,-2.1208 0.190169,-1.481563 -1.26659,2.565733 -0.936376,2.075325 -0.838708,1.283126 -1.267624,1.588535 -1.059365,1.036111 -1.227318,0.810286 -0.733803,0.409279 -0.31533,-0.09161 -0.38902,-0.113024 -0.70435,-0.20464 -0.657323,-0.06847 -0.320503,-0.03338 -0.834985,-0.468119 -0.36222,-0.879988 -0.37882,-0.930754 -0.188618,-1.085723 -0.141076,-0.809768 -0.189654,-1.09089 -0.03152,-0.960149 -0.0801,-2.45618 0.05788,-1.558044 0.105937,-1.375111 z"
       data-muscle="Brachialis"
       sodipodi:nodetypes="cccccccccccccccccccccccccccccccccccccccccccccccccccccccccccccccccccccccccccccccccccccccccc" />
    <path
       id="external_obliques"
       style="fill:#000000;fill-opacity:0.121951;stroke-width:3.165;stroke-dasharray:none"
       d="m 61.623109,66.6812 0.0217,0.678511 0.04341,0.908471 -0.562756,0.627869 -1.190503,0.129762 -1.168527,0.02164 0.415166,0.849022 0.277299,1.402006 v 1.124995 l -0.649057,0.649573 -0.974101,-0.0217 0.145912,0.508413 0.254606,0.771371 0.194588,0.786093 0.257305,0.926021 -0.215056,0.750075 -1.199595,0.391623 -0.0217,4.414718 0.670761,3.008085 -0.08682,4.263306 -0.367419,1.75338 -0.49816,3.258201 v 2.757969 l 0.541052,2.618446 1.190625,2.12132 2.445329,2.57503 2.661851,2.42414 1.707907,1.34152 0.586012,0.12971 0.735872,-0.45423 0.04341,-1.62316 -0.259932,-2.07739 -0.194305,-2.16421 -0.649573,-1.796273 v -3.895371 l -0.129707,-2.510441 -0.131775,-0.995804 -0.344165,-0.843875 -0.216524,-7.336504 -0.108519,-3.441134 -0.237713,-1.861384 -0.367937,-1.514636 -0.08682,-3.202905 -0.259416,-0.324528 -0.04341,-0.77928 0.0217,-2.770375 -0.216524,-0.714169 -0.649058,-1.53634 z m 32.506026,0 -1.38493,1.327566 -0.649571,1.53634 -0.216008,0.714168 0.0217,2.770376 -0.04341,0.77928 -0.259932,0.324527 -0.0863,3.202905 -0.367934,1.514637 -0.238229,1.861383 -0.108002,3.441134 -0.216525,7.336504 -0.344683,0.843875 -0.131257,0.995805 -0.130226,2.51044 v 3.895371 l -0.649054,1.796269 -0.194821,2.16421 -0.259932,2.07739 0.04341,1.62316 0.735872,0.45424 0.58601,-0.12971 1.707906,-1.34152 2.661854,-2.42414 2.445846,-2.57504 1.190109,-2.121315 0.541051,-2.618447 v -2.757969 l -0.497644,-3.258201 -0.367937,-1.75338 -0.08682,-4.263305 0.594762,-3.038692 -0.139981,-4.41125 -0.795488,-0.243692 -0.286639,-0.962686 0.129958,-1.039167 0.243435,-0.892551 0.194884,-0.459962 -0.02392,-0.504624 -0.804294,0.01791 -0.649054,-0.649573 v -1.124995 l 0.157117,-1.087686 0.535345,-1.163341 -1.168506,-0.02164 -1.190522,-0.129755 -0.562755,-0.627869 0.04341,-0.908471 z"
       data-muscle="External Obliques"
       sodipodi:nodetypes="cccccccccccccccccccccccccccccccccccccccccccccccccccccccccccccccccccccccccccccccccccccccccccccccccc" />
    <path
       id="tibialis_anterior"
       style="fill:#000000;fill-opacity:0.121951;stroke-width:0.365001"
       d="m 59.915195,184.90591 -0.865582,2.85667 -0.562755,2.72697 -0.562756,3.1166 -0.259932,2.59674 -0.04289,3.33313 0.04289,3.1595 0.433046,2.68355 0.606166,3.02979 0.692465,2.98639 0.649055,2.1642 0.865581,2.25103 1.817976,4.93406 0.995805,2.64067 1.254704,2.94297 0.692981,1.55805 0.735872,1.45004 -0.433049,-4.95577 -0.259932,-3.41943 -0.302823,-5.45393 -0.519348,-5.06378 -0.735873,-6.53603 -0.562755,-3.93878 -0.475941,-3.93877 -0.606165,-3.0732 -0.605647,-2.72645 -1.125514,-3.50625 z m 36.013305,0.092 -0.865579,1.81798 -1.125514,3.50573 -0.606163,2.72696 -0.60565,3.0732 -0.476456,3.93878 -0.56224,3.93877 -0.735872,6.53552 -0.519348,5.06429 -0.30334,5.45393 -0.259416,3.41943 -0.433048,4.95577 0.735872,-1.45004 0.692465,-1.55804 1.25522,-2.94349 0.995804,-2.64015 1.81746,-4.93458 0.866098,-2.25051 0.649055,-2.16421 0.692465,-2.98638 0.606165,-3.02979 0.432531,-2.68356 0.04341,-3.16001 -0.04341,-3.33262 -0.259416,-2.59725 -0.562756,-3.11609 -0.562756,-2.72697 z"
       data-muscle="Tibilias Anterior" />
    <path
       id="serratus_anterior"
       style="fill:#000000;fill-opacity:0.121951;stroke-width:0.365001"
       d="m 53.909876,58.875878 -0.14986,1.034045 0.04702,1.390097 -0.01704,1.132229 -0.127125,1.202512 -0.164848,1.556494 -0.179835,1.537372 -0.141076,1.149802 -0.12764,0.834057 0.0021,1.130165 0.198956,1.193723 0.497641,1.851567 0.657842,1.729095 0.772562,1.874819 2.168345,4.471561 -0.0088,-3.643188 0.32453,-0.189651 0.389639,-0.05426 0.420647,-0.283186 0.21549,-0.749827 -0.306959,-1.272273 -0.399976,-1.211297 -0.145727,-0.508494 0.974101,0.02169 0.649057,-0.649573 v -1.124995 l -0.164849,-1.171506 -0.527616,-1.079519 0.6165,-0.03256 0.551905,0.01085 0.98392,-0.07131 0.487825,-0.372071 0.281636,-0.314192 -0.0217,-0.454234 -0.0217,-0.454237 -0.01085,-0.338998 -0.01085,-0.339513 -0.300241,-0.537953 -1.059884,-0.806667 -0.694015,-0.336415 -0.973582,-0.865579 -0.9741,-0.865582 -1.146702,-1.233517 -0.659908,-0.709517 -0.756541,-0.889868 -0.50178,-0.681611 z m 47.932474,0 -0.64647,0.878499 -0.50178,0.681611 -0.756541,0.889868 -0.659392,0.709518 -1.147217,1.233516 -0.973585,0.865582 -0.974101,0.865579 -0.694012,0.336415 -1.059884,0.806667 -0.300241,0.537953 -0.01085,0.339514 -0.01085,0.338997 -0.0217,0.454237 -0.0217,0.454234 0.281636,0.314192 0.487825,0.372071 0.98392,0.07132 0.551905,-0.01085 0.6165,0.03256 -0.535368,1.163235 -0.157097,1.087789 v 1.124995 l 0.649055,0.649574 0.9741,-0.0217 -0.145727,0.508495 -0.399976,1.211296 -0.168465,1.180291 0.221176,0.743106 0.276468,0.381889 0.389641,0.05426 0.324528,0.18965 -0.0088,3.643188 2.168342,-4.471561 0.77256,-1.874819 0.65784,-1.729094 0.49765,-1.851568 0.19895,-1.193723 0.002,-1.130165 -0.12764,-0.834057 -0.14108,-1.149802 -0.17983,-1.537372 -0.16485,-1.556494 -0.12713,-1.202512 -0.017,-1.132229 0.047,-1.390097 z"
       data-muscle="Serratus Anterior" />
  </g>
</svg>
